brain_slug

// Dimensions: 21 x 23 pixels
0,0,0,1,1,0,0,0,0,0,0,0,0,0,0,0,1,1,0,0,0,
0,0,0,1,0,1,0,0,0,0,0,0,0,0,0,1,0,1,0,0,0,
0,0,0,1,1,1,0,0,0,0,0,0,0,0,0,1,1,1,0,0,0,
0,0,0,0,0,0,1,0,0,0,0,0,0,0,1,0,0,0,0,0,0,
0,0,0,0,0,0,1,0,0,0,0,0,0,0,1,0,0,0,0,0,0,
0,0,0,0,0,0,0,1,1,1,1,1,1,1,0,0,0,0,0,0,0,
0,0,0,0,0,1,1,1,1,1,1,1,1,1,1,1,0,0,0,0,0,
0,0,0,0,1,1,1,1,1,1,1,1,1,1,1,1,1,0,0,0,0,
0,0,0,1,1,1,0,1,1,1,1,1,1,1,0,1,1,1,0,0,0,
0,0,0,1,1,1,0,0,0,1,0,1,0,0,0,1,1,1,0,0,0,
0,0,0,1,1,1,0,0,0,1,1,1,0,0,0,1,1,1,0,0,0,
0,0,0,1,1,1,1,0,0,0,0,0,0,0,1,1,1,1,0,0,0,
0,0,0,1,1,1,1,1,1,0,0,0,1,1,1,1,1,1,0,0,0,
0,0,0,0,1,1,1,1,1,1,1,1,1,1,1,1,1,0,0,0,0,
0,0,0,0,1,1,1,0,1,0,1,0,1,0,1,1,1,0,0,0,0,
0,0,0,1,1,1,0,0,0,0,0,0,0,0,0,1,1,1,0,0,0,
0,0,0,1,1,0,0,0,0,1,0,1,0,0,0,0,1,1,0,0,0,
0,0,1,1,1,0,1,0,1,1,1,1,1,0,1,0,1,1,1,0,0,
0,1,1,1,1,1,1,1,1,1,1,1,1,1,1,1,1,1,1,1,0,
1,1,1,1,1,1,1,1,1,1,1,1,1,1,1,1,1,1,1,1,1,
0,1,1,1,1,1,1,1,1,1,1,1,1,1,1,1,1,1,1,1,0,
0,0,1,1,0,1,1,1,0,1,1,1,0,1,1,1,0,1,1,0,0,
0,0,0,0,0,0,1,1,0,0,0,0,0,1,1,0,0,0,0,0,0,

// Dimensions: 21 x 23 pixels
"   ##           ##   ." +
"   # #         # #   ." +
"   ###         ###   ." +
"      #       #      ." +
"      #       #      ." +
"       #######       ." +
"     ###########     ." +
"    #############    ." +
"   ### ####### ###   ." +
"   ###   # #   ###   ." +
"   ###   ###   ###   ." +
"   ####       ####   ." +
"   ######   ######   ." +
"    #############    ." +
"    ### # # # ###    ." +
"   ###         ###   ." +
"   ##    # #    ##   ." +
"  ### # ##### # ###  ." +
" ################### ." +
"#####################." +
" ################### ." +
"  ## ### ### ### ##  ." +
"      ##     ##      ." +

-------------------------------------------------------------------------------

17.01.2016
DRELBS

// Dimensions: 14 x 14 pixels
"##  ##  ##  ##." +
"  ##########  ." +
"##############." +
"##    ##    ##." +
"####  ##  ####." +
"  ##########  ." +
"  ####  ####  ." +
"  ####  ####  ." +
"##############." +
"##  ##  ##  ##." +
"####      ####." +
"  ##  ##  ##  ." +
"  ##########  ." +
"    ######    ." +


// Dimensions: 14 x 14 pixels
1,1,0,0,1,1,0,0,1,1,0,0,1,1,
0,0,1,1,1,1,1,1,1,1,1,1,0,0,
1,1,1,1,1,1,1,1,1,1,1,1,1,1,
1,1,0,0,0,0,1,1,0,0,0,0,1,1,
1,1,1,1,0,0,1,1,0,0,1,1,1,1,
0,0,1,1,1,1,1,1,1,1,1,1,0,0,
0,0,1,1,1,1,0,0,1,1,1,1,0,0,
0,0,1,1,1,1,0,0,1,1,1,1,0,0,
1,1,1,1,1,1,1,1,1,1,1,1,1,1,
1,1,0,0,1,1,0,0,1,1,0,0,1,1,
1,1,1,1,0,0,0,0,0,0,1,1,1,1,
0,0,1,1,0,0,1,1,0,0,1,1,0,0,
0,0,1,1,1,1,1,1,1,1,1,1,0,0,
0,0,0,0,1,1,1,1,1,1,0,0,0,0,




  float rx = (width - 128) / 2;
  float ry = (height - 256) / 2;
  float mx = width / 2;
  float my = 240 + ry; //(height - 128) / 2;

  
  name_wheel
  
  char(name_chars.get(name_wheel))
  
  
  
  // open database

/*  db = new SQLite(this, sqlite_path + sqlite_db);  // open database file
  if (!db.connect()) {
    println ("****** db_connect fails");
  }

  // list table names
  db.query( "SELECT * FROM t_scores" );

  while (db.next()) {
    println( db.getString("") );
  }
*/  